Player :
Player,42687,5,4,chen.txt, ,
7
4
84,30,30
87,10,10
97,30,30
113,30,30
145,ELECTHOR,0,,100,1250000,312
11,0,9,0,12,0,14,0,1,0
OK,False,False
4
84,30,30
87,10,10
97,30,30
113,30,30
145,ELECTHOR,0,,100,1250000,304
7,0,4,0,2,0,4,0,1,0
OK,False,False
4
84,30,30
87,10,10
97,30,30
113,30,30
145,ELECTHOR,0,,100,1250000,292
1,0,1,0,7,0,15,0,15,0
OK,False,False
4
84,30,30
87,10,10
97,30,30
113,30,30
145,ELECTHOR,0,,100,1250000,290
0,0,11,0,4,0,4,0,0,0
OK,False,False
4
84,30,30
87,10,10
97,30,30
113,30,30
145,ELECTHOR,0,,100,1250000,300
5,0,11,0,9,0,5,0,15,0
OK,False,False
4
84,30,30
87,10,10
97,30,30
113,30,30
145,ELECTHOR,0,,100,1250000,304
7,0,13,0,9,0,10,0,12,0
OK,False,False
4
84,30,30
87,10,10
97,30,30
113,30,30
145,ELECTHOR,0,,100,1250000,292
1,0,10,0,11,0,7,0,4,0
OK,False,False
Rival :
Rival
